92.66666666666667
59.666666666666664
58.666666666666664
50.333333333333336
69.0
51.0
61.0
53.666666666666664
34.666666666666664
75.0
76.33333333333333
64.66666666666667
68.33333333333333
59.0
49.333333333333336
48.666666666666664
58.0
50.333333333333336
73.0
52.0
40.666666666666664
41.0
49.333333333333336
70.66666666666667
30.0
68.33333333333333
67.0
63.333333333333336
72.33333333333333
90.33333333333333
32.666666666666664
66.33333333333333
55.0
32.666666666666664
75.0
72.66666666666667
61.666666666666664
74.66666666666667
43.666666666666664
79.66666666666667
69.0
67.0
46.666666666666664
66.33333333333333
71.66666666666667
92.0
44.666666666666664
63.333333333333336
49.333333333333336
41.0
63.666666666666664
91.0
64.0
33.333333333333336
52.666666666666664
52.333333333333336
83.33333333333333
69.33333333333333
67.0
65.0
48.666666666666664
45.666666666666664
69.66666666666667
73.0
65.66666666666667
62.0
42.333333333333336
65.66666666666667
72.66666666666667
65.33333333333333
61.333333333333336
41.666666666666664
52.666666666666664
47.333333333333336
64.66666666666667
62.0
59.01315789473684 60.60526315789474 61.38157894736842